70
23 3 898
2 56 223
36 2 639
45 56 707
11 45 946
65 11 956
53 36 391
1 56 462
18 45 209
40 45 186
49 56 533
66 36 437
52 11 344
30 1 430
33 66 498
62 65 503
7 1 791
4 62 857
46 11 746
17 4 309
27 46 234
41 11 849
15 1 15
63 7 242
10 41 146
19 33 964
35 2 935
68 15 981
64 66 196
58 27 686
32 52 870
26 62 428
22 4 550
38 2 220
16 53 25
69 26 873
31 27 44
12 46 816
13 12 87
34 65 377
43 19 430
51 2 829
54 19 234
6 54 201
14 18 577
9 40 530
29 64 109
39 45 145
60 36 154
28 6 75
42 31 348
20 54 752
67 4 605
55 34 445
47 42 94
24 58 514
37 30 806
0 18 755
59 67 789
23 47 884
3 43 942
44 28 238
5 58 625
8 29 404
50 3 358
25 52 217
61 2 76
21 11 957
57 45 560
48 41 414
50 58 986
25 37 457
56 53 108
18 52 234
58 49 16
67 52 787
45 34 558
64 34 339
64 21 322
47 48 430
6 48 354
3 5 126
36 48 697
40 49 560
69 0 637
12 15 642
61 3 712
44 68 117
49 43 868
8 34 597
52 46 958
61 19 402
13 43 338
66 25 382
62 20 965
23 12 400
45 11 646
28 24 160
1 46 254
0 25 654
27 64 36
39 56 437
37 47 334
11 2 114
12 29 366
46 41 109
54 27 473
50 51 776
10 1 426
36 58 444
64 33 696
2 34 649
37 5 208
60 12 639
31 7 388
22 63 85
38 56 906
11 44 625
24 67 664
43 13 898
56 33 995
16 10 729
43 57 761
61 12 869
51 9 385
25 51 152
45 62 704
64 24 603
39 35 477
5 45 975
29 15 122
4 6 530
51 50 358
23 67 480
69 50 881
29 19 420
52 51 966
31 26 761
25 67 558
25 3 476
56 32 556
4 24 907
20 18 423
51 4 160
50 28 704
14 27 987
62 52 92
65 3 619
29 14 404
43 28 611
60 11 694
47 33 692
25 12 823
1 67 51
15 26 112
23 19 981
48 28 848
35 30 594
3 53 815
33 0 228
49 22 930
38 22 467
17 48 563
28 17 211
16 56 657
54 22 330
37 53 879
10 47 180
55 6 267
31 3 452
64 63 647
33 24 733
56 49 913
59 7 910
2 66 628
14 26 530
4 10 967
22 55 264
41 39 260
6 40 470
54 15 608
15 25 527
4 5 981
7 42 343
49 14 456
7 44 191
51 14 685
27 13 473
53 21 977
62 16 170
17 58 98
29 25 74
3 64 618
52 59 679
36 11 482
10 40 935
5 6 286
45 38 754
12 22 345
19 24 881
51 47 606
60 39 896
1 31 660
0 25 11
52 5 172
1 65 448
8 68 963
16 51 927
48 28 692
6 39 952
54 40 190
66 53 163
30 39 427
22 24 740
19 12 996
65 23 102
51 36 957
6 41 52
61 9 360
45 3 237
7 18 688
49 46 469
35 41 811
26 10 342
29 63 842
45 40 233
31 45 756
49 13 964
50 69 949
44 45 912
59 38 101
34 14 394
32 34 841
67 30 971
6 15 675
31 53 222
46 7 171
22 30 279
51 48 356
31 15 109
53 63 98
56 60 548
12 26 580
37 49 35
17 2 184
40 19 121
32 50 722
34 45 880
1 20 928
1 10 242
39 63 483
49 29 849
62 33 441
43 67 839
22 32 405
39 57 626
55 63 842
67 59 144
51 34 21
21 55 40
2 7 186
19 3 763
13 29 513
13 23 899
49 22 586
65 0 554
16 37 286
60 30 386
50 32 879
46 12 974
5 51 576
59 64 166
26 5 684
14 33 515
59 1 345
16 9 16
59 29 740
46 40 234
7 17 572
63 44 777
3 67 113
40 54 654
68 33 993
32 7 65
18 58 948
46 28 261
16 15 225
11 10 163
35 51 835
25 43 637
13 12 988
64 20 77
1 41 580
56 4 900
59 54 300
38 61 524
6 51 597
11 9 989
63 62 719
27 33 43
6 34 992
58 41 196
51 17 728
59 57 734
26 36 907
45 3 200
40 28 101
30 56 53
12 1 730
21 55 673
20 62 88
28 31 419
18 8 343
50 29 27
50 59 485
57 4 645
57 44 551
12 2 325
1 18 530
63 41 332
34 3 266
45 35 894
48 35 734
23 21 262
46 13 538
69 51 573
46 62 905
61 0 577
4 41 647
52 62 502
5 62 528
39 56 699
21 60 868
53 18 174
36 51 904
42 65 927
51 49 587
37 41 443
18 13 490
53 27 966
28 69 739
22 38 627
53 58 269
44 37 905
26 6 692
19 12 791
38 13 457
39 44 336
69 21 25
43 4 334
48 51 516
59 25 478
30 47 152
25 16 553
14 8 446
52 21 11
2 22 240
58 46 407
64 46 371
54 20 509
57 27 422
11 13 919
20 28 159
10 58 691
51 56 291
11 35 179
4 68 0
55 14 955
68 17 985
49 7 630
26 25 278
54 24 279
27 43 633
46 15 872
16 59 363
38 39 769
47 67 6
1 59 205
64 51 478
60 55 104
28 51 201
37 28 352
18 68 94
37 4 752
0 41 706
14 22 699
4 16 695
14 0 813
9 21 280
27 58 40
16 27 105
12 51 910
42 8 944
29 58 386
44 22 765
23 30 832
11 2 677
63 68 65
67 20 618
9 43 628
5 29 384
66 22 39
37 26 893
55 11 605
2 68 323
32 23 446
11 65 960
67 10 974
9 57 181
9 40 492
9 28 128
51 0 102
49 34 590
2 32 816
10 8 708
57 35 146
36 46 89
69 23 492
50 37 282
21 19 757
17 61 38
67 7 697
22 38 82
18 4 573
59 26 597
27 41 231
24 57 404
66 25 51
21 13 145
2 46 143
62 15 966
31 15 551
3 32 760
14 50 324
25 16 411
62 46 576
58 27 539
46 49 76
36 1 190
24 52 301
47 50 103
56 3 22
2 4 52
49 39 72
22 17 519
44 69 852
20 48 365
5 57 732
3 65 635
7 10 792
7 0 340
54 12 834
28 49 455
67 62 41
14 23 226
22 49 947
59 5 532
26 14 444
46 21 913
63 52 877
1 6 753
21 61 248
22 54 804
22 0 464
46 19 489
42 40 425
16 12 702
56 35 259
19 55 491
39 35 336
48 47 217
37 51 783
32 64 962
43 16 400
59 44 744
50 30 761
58 53 257
9 0 634
6 27 879
37 16 169
57 41 643
69 50 194
49 58 505
2 6 856
48 56 491
42 23 820
30 17 826
53 51 149
10 23 102
69 2 91
6 2 346
25 40 781
35 11 829
41 10 894
61 55 958
20 61 617
61 26 28
18 3 425
62 24 620
66 6 812
28 64 248
30 62 723
5 16 823
59 34 897
28 32 729
21 33 861
38 15 521
33 39 925
15 45 185
24 30 928
22 40 713
3 10 241
33 63 410
48 22 906
4 64 373
46 34 259
45 30 924
55 63 409
45 37 693
3 31 551
19 26 9
39 2 369
19 57 663
26 36 756
4 6 509
60 16 358
20 38 876
40 21 110
46 10 981
11 63 327
66 29 504
46 68 537
34 42 442
57 51 492
67 25 375
64 47 698
47 68 46
3 69 766
48 19 451
10 4 791
26 23 986
58 66 316
1 33 769
59 13 442
29 58 563
39 10 546
25 34 637
61 60 504
0 65 226
41 9 750
38 34 878
57 6 227
22 6 204
39 22 979
66 44 944
42 10 826
33 15 837
64 55 816
21 58 717
3 60 812
5 44 868
20 35 750
65 7 729
67 44 901
24 42 298
33 23 712
46 17 778
37 12 473
19 39 852
5 12 331
14 39 441
49 55 548
44 7 134
58 63 113
45 55 999
64 14 792
33 11 28
47 8 753
38 37 95
63 29 191
62 27 379
48 56 27
50 17 804
68 23 12
35 24 80
47 58 344
20 11 790
4 16 640
46 52 350
31 49 998
62 53 883
15 49 255
69 26 498
52 55 896
51 31 516
67 54 889
63 11 91
31 49 189
22 29 408
4 53 731
66 20 183
28 5 401
8 5 866
7 39 770
24 51 263
16 38 739
38 28 69
59 58 442
39 29 952
11 15 874
59 35 43
37 19 231
60 39 605
43 13 302
34 53 16
10 68 34
16 13 900
28 44 838
51 27 138
9 10 697
11 60 216
33 3 373
36 6 663
40 56 676
9 25 448
38 12 333
18 27 266
69 18 737
63 8 264
8 32 491
18 19 276
59 34 828
46 27 9
59 33 469
38 2 812
1 64 673
49 58 973
35 8 539
48 5 709
10 45 992
55 10 5
48 40 197
67 33 702
6 15 207
4 63 104
4 1 814
57 29 519
64 21 665
26 28 427
46 55 967
38 32 720
46 52 266
45 66 811
64 40 418
36 34 943
23 56 808
31 16 662
31 43 152
17 25 638
23 56 495
49 47 366
45 51 337
45 14 477
65 7 914
11 27 369
17 4 78
11 65 221
7 34 140
17 36 184
53 69 251
68 63 892
7 34 906
40 19 161
29 66 456
39 27 140
12 67 969
3 35 202
55 8 446
30 19 691
32 1 644
36 58 281
5 20 1000
6 57 488
6 65 660
29 14 736
18 12 621
5 43 154
18 19 584
6 36 906
23 11 289
61 51 784
69 24 604
69 4 118
65 45 987
9 47 631
11 24 669
31 49 790
36 11 172
50 25 762
30 49 861
40 22 264
20 47 937
66 0 435
53 34 490
66 31 230
62 13 426
12 11 763
62 18 349
42 8 434
62 7 116
5 35 325
49 58 426
42 1 688
0 57 987
33 24 177
62 14 132
3 26 782
3 26 549
4 1 911
20 57 337
39 67 722
51 62 6
49 23 345
12 29 237
63 44 30
31 8 416
36 50 781
2 32 741
54 14 8
47 63 473
1 27 918
39 31 270
50 6 1
41 61 249
22 9 833
48 54 222
54 37 666
19 62 241
3 15 940
41 46 621
0 17 682
4 8 804
8 3 113
18 25 204
13 6 774
2 32 631
63 5 604
24 10 180
17 2 918
59 3 902
64 49 389
57 30 33
52 69 714
12 54 834
23 67 946
16 46 137
14 13 307
19 46 221
2 69 508
10 49 307
38 32 863
31 56 103
31 25 802
58 27 601
10 37 826
15 7 476
55 11 951
20 45 698
67 20 844
65 27 604
11 61 667
43 34 656
35 59 600
47 17 906
11 51 879
29 10 218
53 64 318
59 42 670
36 1 428
47 1 776
43 22 302
58 57 928
13 26 523
59 30 481
1 26 981
58 21 334
66 65 925
30 64 596
36 13 958
32 57 732
39 31 708
66 5 933
67 6 602
34 1 983
46 35 835
69 37 873
43 42 214
47 66 933
40 35 287
41 24 525
34 39 583
3 18 835
60 27 477
11 41 258
11 39 69
36 1 881
55 1 917
17 19 73
26 24 325
61 13 458
3 27 147
47 24 707
41 43 856
69 39 238
8 55 607
53 42 913
54 48 237
55 43 580
55 40 896
40 35 400
59 22 466
36 37 577
2 1 115
39 17 584
14 37 492
28 12 844
2 17 244
60 0 722
14 38 81
52 6 643
27 64 899
60 9 934
24 14 82
31 29 383
8 33 114
29 21 542
15 57 26
8 46 875
69 68 689
1 40 579
60 26 774
2 30 791
29 35 853
35 7 415
14 26 262
62 52 703
54 5 883
41 28 688
38 68 69
15 52 223
61 65 340
9 52 522
17 27 806
28 39 311
8 46 807
35 21 936
13 33 442
64 69 352
38 40 504
8 37 432
66 39 424
69 4 685
29 26 383
23 54 295
10 5 995
60 42 412
8 50 538
17 52 623
5 10 393
32 29 476
7 1 952
39 25 585
12 67 937
48 2 713
64 55 375
5 65 566
12 16 399
42 21 280
20 39 329
0 25 242
60 14 144
25 28 45
54 28 949
69 16 495
20 49 591
41 6 196
7 4 383
1 9 270
24 49 674
30 44 663
0 10 83
55 37 172
36 13 735
30 68 450
3 29 464
67 32 429
21 64 266
0 47 792
15 31 320
